[app/ui]
version = 8.0.1
modtime = 1584029440.018812000

[app/launcher]
version = 8.0.1
modtime = 1584029440.020267000
